1.940674820419064e-7	7.58976329160192e-9	-4.5197915447551784e-10	-1.3255981257110274e-10	-2.3698343966632228e-5	4.973533770631506e-7
7.58976329160192e-9	6.9211464973978904e-6	-8.276596787073876e-9	-1.071805289386194e-9	-7.200920233145754e-6	-1.1322075948014148e-5
-4.5197915447551784e-10	-8.276596787073876e-9	4.430044751212513e-8	-1.3045698401985372e-8	1.2470376584716602e-8	5.047657867371655e-7
-1.3255981257110274e-10	-1.071805289386194e-9	-1.3045698401985372e-8	6.775404514374451e-9	2.689015535752441e-8	-5.0233234361786703e-8
-2.3698343966632228e-5	-7.200920233145754e-6	1.2470376584716602e-8	2.689015535752441e-8	0.006493908377379524	9.145182309112075e-6
4.973533770631506e-7	-1.1322075948014148e-5	5.047657867371655e-7	-5.0233234361786703e-8	9.145182309112075e-6	0.01574828518035503
