0.006493908377379524	1.2470376584716602e-8	2.689015535752441e-8	-2.3698343966632228e-5	-2.367482179520389e-6	-2.0273232139375048e-7
1.2470376584716602e-8	4.430044751212513e-8	-1.3045698401985372e-8	-4.5197915447551784e-10	-2.146451185849393e-8	-1.6705438257095866e-9
2.689015535752441e-8	-1.3045698401985372e-8	6.775404514374451e-9	-1.3255981257110274e-10	2.361940288580941e-9	-2.4392384614974857e-10
-2.3698343966632228e-5	-4.5197915447551784e-10	-1.3255981257110274e-10	1.940674820419064e-7	3.5587241625163502e-9	1.2094949670230332e-9
-2.367482179520389e-6	-2.146451185849393e-8	2.361940288580941e-9	3.5587241625163502e-9	2.2178532128973176e-6	-1.5014724368071425e-7
-2.0273232139375048e-7	-1.6705438257095866e-9	-2.4392384614974857e-10	1.2094949670230332e-9	-1.5014724368071425e-7	1.2734701239540348e-7
