254.31172066993756	0.11887609954695474	-0.07456017097106363	-1.5209549666434454	0.18871527242869784	0.059025585585552307
0.11887609954695474	0.020223714481077307	-0.011720407958659737	-0.0012808393384118302	-0.006463682765221648	-0.0023907628558396806
-0.07456017097106363	-0.011720407958659737	0.00795598791831211	0.0007231151738135676	0.001064839255940735	0.00027334304895186264
-1.5209549666434454	-0.0012808393384118302	0.0007231151738135676	0.03002910911049114	-0.0020222387343494528	-0.0007682591646538472
0.18871527242869784	-0.006463682765221648	0.001064839255940735	-0.0020222387343494528	0.06591685383175316	0.030956313155685936
0.059025585585552307	-0.0023907628558396806	0.00027334304895186264	-0.0007682591646538472	0.030956313155685936	0.017449941848480467
