116.52353672619292	-0.001053289959540675	0.0005438926673468722	-0.40798506937013357	-0.01925542912987484	-0.0015120273078722143
-0.001053289959540675	0.0009176534484150298	-0.00032450393596779716	-1.7771155046531969e-6	-0.0005600816593192185	-1.6506268742782335e-5
0.0005438926673468722	-0.00032450393596779716	0.00019178715597566957	-2.5834313068387887e-6	6.801492231945615e-5	3.4085212119862155e-8
-0.40798506937013357	-1.7771155046531969e-6	-2.5834313068387887e-6	0.0032500309345008522	1.280124749711289e-5	1.602602332627855e-5
-0.01925542912987484	-0.0005600816593192185	6.801492231945615e-5	1.280124749711289e-5	0.029438760566618365	1.6936063921189988e-5
-0.0015120273078722143	-1.6506268742782335e-5	3.4085212119862155e-8	1.602602332627855e-5	1.6936063921189988e-5	0.0013869669902319857
